20
99.69
0 1 42.563 24.271
0 2 81.428 17.832
0 3 20.693 29.203
0 4 39.361 14.622
0 5 42.999 23.799
0 6 34.195 27.408
0 7 61.764 10.301
0 8 42.491 21.76
0 9 54.426 22.659
0 10 78.921 17.355
0 11 84.533 13.669
0 12 81.046 25.429
0 13 82.97 14.585
0 14 67.983 11.409
0 15 53.487 10.143
0 16 42.052 27.528
0 17 56.277 26.465
0 18 92.352 25.11
0 19 36.63 17.465
1 2 89.075 14.972
1 3 94.923 21.258
1 4 57.565 15.019
1 5 58.829 16.373
1 6 72.362 19.477
1 7 92.543 24.558
1 8 58.828 11.652
1 9 23.768 28.132
1 10 82.775 22.526
1 11 77.267 18.303
1 12 76.06 20.573
1 13 83.667 22.872
1 14 86.762 10.025
1 15 76.645 13.792
1 16 72.897 29.016
1 17 38.223 23.253
1 18 94.219 17.849
1 19 96.954 12.381
2 3 41.581 17.932
2 4 39.222 29.672
2 5 21.894 28.228
2 6 53.899 16.187
2 7 54.944 16.372
2 8 23.493 19.231
2 9 80.666 29.252
2 10 96.007 23.301
2 11 63.98 28.182
2 12 90.252 16.016
2 13 23.403 13.159
2 14 78.195 18.823
2 15 84.815 22.488
2 16 46.238 27.393
2 17 76.859 29.776
2 18 76.794 22.568
2 19 48.948 20.815
3 4 49.419 24.525
3 5 51.939 15.881
3 6 65.934 25.996
3 7 27.633 22.783
3 8 28.722 15.663
3 9 33.992 10.063
3 10 44.105 21.221
3 11 30.369 12.642
3 12 34.147 16.428
3 13 32.866 21.877
3 14 50.165 21.821
3 15 28.274 25.807
3 16 24.4 25.599
3 17 67.724 16.014
3 18 97.507 10.126
3 19 42.623 17.844
4 5 97.814 10.326
4 6 54.968 25.166
4 7 25.352 16.174
4 8 52.987 27.306
4 9 23.299 20.429
4 10 88.933 17.083
4 11 88.636 25.922
4 12 72.86 26.521
4 13 39.355 27.841
4 14 23.837 14.463
4 15 44.3 12.399
4 16 61.619 16.674
4 17 27.926 11.823
4 18 29.46 12.576
4 19 43.425 12.291
5 6 82.388 19.747
5 7 50.293 18.865
5 8 74.232 11.815
5 9 71.877 12.56
5 10 26.796 14.296
5 11 52.913 24.945
5 12 52.491 21.185
5 13 91.648 29.431
5 14 94.837 15.291
5 15 53.979 15.915
5 16 74.779 25.671
5 17 51.699 22.89
5 18 89.845 18.27
5 19 52.67 15.734
6 7 53.833 21.768
6 8 46.2 11.478
6 9 38.851 27.9
6 10 28.898 27.788
6 11 60.061 16.704
6 12 95.588 11.408
6 13 68.7 21.729
6 14 39.246 23.355
6 15 20.688 12.226
6 16 67.642 20.759
6 17 28.253 15.358
6 18 81.081 28.249
6 19 79.676 10.381
7 8 98.437 25.802
7 9 36.288 28.26
7 10 91.598 22.44
7 11 78.547 14.293
7 12 89.002 25.424
7 13 82.436 23.024
7 14 88.897 29.953
7 15 83.924 27.039
7 16 51.053 27.745
7 17 31.421 13.431
7 18 23.889 18.846
7 19 43.846 16.085
8 9 54.535 21.498
8 10 33.032 14.325
8 11 95.112 11.23
8 12 57.992 22.058
8 13 98.004 13.797
8 14 39.072 15.521
8 15 98.149 22.746
8 16 70.626 22.726
8 17 51.98 21.94
8 18 68.314 21.36
8 19 61.959 15.836
9 10 68.361 22.567
9 11 72.354 19.682
9 12 67.822 22.177
9 13 66.547 18.984
9 14 49.103 12.247
9 15 26.882 23.222
9 16 48.769 24.632
9 17 27.757 21.299
9 18 81.768 13.147
9 19 37.236 28.636
10 11 55.547 24.876
10 12 74.91 25.953
10 13 71.827 20.747
10 14 84.184 13.924
10 15 21.875 22.491
10 16 58.927 24.607
10 17 40.406 11.915
10 18 71.86 27.0
10 19 89.891 18.695
11 12 65.168 13.236
11 13 26.833 26.68
11 14 81.62 11.81
11 15 72.296 23.799
11 16 87.371 19.168
11 17 30.376 20.685
11 18 53.43 11.048
11 19 99.744 17.603
12 13 60.517 13.277
12 14 89.544 25.177
12 15 61.48 15.453
12 16 56.47 19.978
12 17 92.357 11.397
12 18 34.804 11.837
12 19 49.709 27.944
13 14 47.973 15.339
13 15 38.507 22.627
13 16 98.753 10.517
13 17 87.264 24.805
13 18 42.57 15.444
13 19 27.126 21.293
14 15 43.083 21.642
14 16 90.401 21.82
14 17 68.602 16.334
14 18 22.122 18.605
14 19 24.079 26.551
15 16 85.833 10.196
15 17 85.763 26.996
15 18 89.314 15.12
15 19 43.414 24.228
16 17 31.822 20.173
16 18 83.749 18.536
16 19 85.821 25.938
17 18 20.269 26.72
17 19 70.129 14.988
18 19 32.03 23.681